45 46 0.06
45 47 0.06
45 82 0.09
46 47 0.05
46 49 0.07
47 82 0.04
47 48 0.04
82 78 0.04
49 50 0.06
49 48 0.07
48 51 0.08 
48 78 0.06
78 43 0.03
43 52 0.05
43 42 0.08
52 42 0.06
52 51 0.02
51 53 0.05
50 51 0.05
50 54 0.11
53 54 0.06
53 41 0.1
42 41 0.09
50 59 0.09
59 60 0.1
59 58 0.06
54 58 0.05
54 55 0.06
55 58 0.07
55 40 0.06
40 41 0.05
41 38 0.09
40 38 0.08
40 39 0.05
55 39 0.06
55 56 0.05
56 31 0.03
38 37 0.04
39 35 0.03
57 30 0.07
60 57 0.05
57 56 0.03
57 58 0.04
60 24 0.02
30 29 0.06
24 29 0.11
29 33 0.03
33 28 0.06
34 28 0.07
31 34 0.03
34 35 0.05
35 36 0.07
37 36 0.03
36 23h 0.06
29 27 0.03
27 23f 0.02
28 23g 0.04
23g 23h 0.06
23g 23f 0.07
26 23f 0.06
25 26 0.04
24 25 0.06
25 23e 0.06
23e 23c 0.04
23c 23a 0.09
23a 20 0.07
20 21 0.03
23a 23b 0.07
23b 23f 0.05
23b 23g 0.05
23g 21 0.08
21 23h 0.06
