20 21 0.4
21 23h 1.8
23a 21 0.4
23a 23c 0.3
23a 23b 0.4
23h 23a 2.2
23b 23f 0.3
23b 23c 0.7
23b 23g 0.6
23c 23e 0.4
23e 25 0.3
23e 26 0.4
23f 26 0.2
23f 27 0.2
23f 23g 0.4
23g 23h 0.8
23g 28 1
23g 36 0.3
23g 35 0.6
23h 36 0.7
24 25 0.3
24 30 1.6
24 29 2
25 23e 0.2
25 26 0.3
26 27 0.8
27 28 0.6
27 29 0.3
28 34 0.4
28 33 0.35
29 33 0.2
29 30 0.4
30 31 0.5
31 34 0.3
31 39 0.2
33 34 0.5
34 35 0.3
34 39 0.3
35 39 0.2
35 36 0.3
36 37 0.1
37 38 0.2
38 39 0.3
38 41 0.3
39 40 0.3
40 41 0.2
40 55 0.4
40 53 1.1
40 54 0.8
41 42 0.4
42 53 0.5
42 43 0.6
42 52 0.3
42 53 0.4
43 48 0.4
43 78 0.1
43 52 0.25
44 45 2.3
45 47 0.3
45 46 0.6
46 47 0.2
46 49 0.3
46 48 0.4
47 48 0.6
47 82 0.1
48 78 0.2
48 51 0.2
48 49 0.3
48 50 0.3
49 59 2.4
49 50 0.1
50 51 0.2
50 59 0.3
50 53 0.2
51 52 0.1
53 54 0.2
54 55 0.6
54 58 0.3
54 59 0.6
55 56 0.1
55 58 0.3
56 57 0.1
57 58 0.2
57 60 0.6



